source_date,exchange_rate,rows,recorded_at
27-Jul-2026,"{""usd_ngn"": 1368.2232, ""date"": ""July-31-2026"", ""source"": ""https://www.cbn.gov.ng/api/GetAllNFEM_RatesGRAPH""}","[{""country"": ""Libya"", ""fuel_type"": ""Gasoline"", ""price_usd_per_litre"": 0.023, ""price_ngn_per_litre"": 31.47, ""source_date"": ""27-Jul-2026"", ""source"": ""https://www.globalpetrolprices.com/gasoline_prices/""}, {""country"": ""Angola"", ""fuel_type"": ""Gasoline"", ""price_usd_per_litre"": 0.327, ""price_ngn_per_litre"": 447.41, ""source_date"": ""27-Jul-2026"", ""source"": ""https://www.globalpetrolprices.com/gasoline_prices/""}, {""country"": ""Algeria"", ""fuel_type"": ""Gasoline"", ""price_usd_per_litre"": 0.352, ""price_ngn_per_litre"": 481.61, ""source_date"": ""27-Jul-2026"", ""source"": ""https://www.globalpetrolprices.com/gasoline_prices/""}, {""country"": ""Egypt"", ""fuel_type"": ""Gasoline"", ""price_usd_per_litre"": 0.475, ""price_ngn_per_litre"": 649.91, ""source_date"": ""27-Jul-2026"", ""source"": ""https://www.globalpetrolprices.com/gasoline_prices/""}, {""country"": ""Sudan"", ""fuel_type"": ""Gasoline"", ""price_usd_per_litre"": 0.7, ""price_ngn_per_litre"": 957.76, ""source_date"": ""27-Jul-2026"", ""source"": ""https://www.globalpetrolprices.com/gasoline_prices/""}, {""country"": ""Tunisia"", ""fuel_type"": ""Gasoline"", ""price_usd_per_litre"": 0.852, ""price_ngn_per_litre"": 1165.73, ""source_date"": ""27-Jul-2026"", ""source"": ""https://www.globalpetrolprices.com/gasoline_prices/""}, {""country"": ""Niger"", ""fuel_type"": ""Gasoline"", ""price_usd_per_litre"": 0.87, ""price_ngn_per_litre"": 1190.35, ""source_date"": ""27-Jul-2026"", ""source"": ""https://www.globalpetrolprices.com/gasoline_prices/""}, {""country"": ""Nigeria"", ""fuel_type"": ""Gasoline"", ""price_usd_per_litre"": 0.929, ""price_ngn_per_litre"": 1271.08, ""source_date"": ""27-Jul-2026"", ""source"": ""https://www.globalpetrolprices.com/gasoline_prices/""}, {""country"": ""Gabon"", ""fuel_type"": ""Gasoline"", ""price_usd_per_litre"": 1.031, ""price_ngn_per_litre"": 1410.64, ""source_date"": ""27-Jul-2026"", ""source"": ""https://www.globalpetrolprices.com/gasoline_prices/""}, {""country"": ""Ethiopia"", ""fuel_type"": ""Gasoline"", ""price_usd_per_litre"": 1.046, ""price_ngn_per_litre"": 1431.16, ""source_date"": ""27-Jul-2026"", ""source"": ""https://www.globalpetrolprices.com/gasoline_prices/""}, {""country"": ""Liberia"", ""fuel_type"": ""Gasoline"", ""price_usd_per_litre"": 1.099, ""price_ngn_per_litre"": 1503.68, ""source_date"": ""27-Jul-2026"", ""source"": ""https://www.globalpetrolprices.com/gasoline_prices/""}, {""country"": ""DR Congo"", ""fuel_type"": ""Gasoline"", ""price_usd_per_litre"": 1.165, ""price_ngn_per_litre"": 1593.98, ""source_date"": ""27-Jul-2026"", ""source"": ""https://www.globalpetrolprices.com/gasoline_prices/""}, {""country"": ""Madagascar"", ""fuel_type"": ""Gasoline"", ""price_usd_per_litre"": 1.183, ""price_ngn_per_litre"": 1618.61, ""source_date"": ""27-Jul-2026"", ""source"": ""https://www.globalpetrolprices.com/gasoline_prices/""}, {""country"": ""Togo"", ""fuel_type"": ""Gasoline"", ""price_usd_per_litre"": 1.264, ""price_ngn_per_litre"": 1729.43, ""source_date"": ""27-Jul-2026"", ""source"": ""https://www.globalpetrolprices.com/gasoline_prices/""}, {""country"": ""Benin"", ""fuel_type"": ""Gasoline"", ""price_usd_per_litre"": 1.264, ""price_ngn_per_litre"": 1729.43, ""source_date"": ""27-Jul-2026"", ""source"": ""https://www.globalpetrolprices.com/gasoline_prices/""}, {""country"": ""Botswana"", ""fuel_type"": ""Gasoline"", ""price_usd_per_litre"": 1.322, ""price_ngn_per_litre"": 1808.79, ""source_date"": ""27-Jul-2026"", ""source"": ""https://www.globalpetrolprices.com/gasoline_prices/""}, {""country"": ""Namibia"", ""fuel_type"": ""Gasoline"", ""price_usd_per_litre"": 1.339, ""price_ngn_per_litre"": 1832.05, ""source_date"": ""27-Jul-2026"", ""source"": ""https://www.globalpetrolprices.com/gasoline_prices/""}, {""country"": ""Burundi"", ""fuel_type"": ""Gasoline"", ""price_usd_per_litre"": 1.342, ""price_ngn_per_litre"": 1836.16, ""source_date"": ""27-Jul-2026"", ""source"": ""https://www.globalpetrolprices.com/gasoline_prices/""}, {""country"": ""Mauritius"", ""fuel_type"": ""Gasoline"", ""price_usd_per_litre"": 1.354, ""price_ngn_per_litre"": 1852.57, ""source_date"": ""27-Jul-2026"", ""source"": ""https://www.globalpetrolprices.com/gasoline_prices/""}, {""country"": ""Guinea"", ""fuel_type"": ""Gasoline"", ""price_usd_per_litre"": 1.37, ""price_ngn_per_litre"": 1874.47, ""source_date"": ""27-Jul-2026"", ""source"": ""https://www.globalpetrolprices.com/gasoline_prices/""}, {""country"": ""Zambia"", ""fuel_type"": ""Gasoline"", ""price_usd_per_litre"": 1.399, ""price_ngn_per_litre"": 1914.14, ""source_date"": ""27-Jul-2026"", ""source"": ""https://www.globalpetrolprices.com/gasoline_prices/""}, {""country"": ""Ghana"", ""fuel_type"": ""Gasoline"", ""price_usd_per_litre"": 1.4, ""price_ngn_per_litre"": 1915.51, ""source_date"": ""27-Jul-2026"", ""source"": ""https://www.globalpetrolprices.com/gasoline_prices/""}, {""country"": ""Lesotho"", ""fuel_type"": ""Gasoline"", ""price_usd_per_litre"": 1.42, ""price_ngn_per_litre"": 1942.88, ""source_date"": ""27-Jul-2026"", ""source"": ""https://www.globalpetrolprices.com/gasoline_prices/""}, {""country"": ""Cameroon"", ""fuel_type"": ""Gasoline"", ""price_usd_per_litre"": 1.456, ""price_ngn_per_litre"": 1992.13, ""source_date"": ""27-Jul-2026"", ""source"": ""https://www.globalpetrolprices.com/gasoline_prices/""}, {""country"": ""Mozambique"", ""fuel_type"": ""Gasoline"", ""price_usd_per_litre"": 1.466, ""price_ngn_per_litre"": 2005.82, ""source_date"": ""27-Jul-2026"", ""source"": ""https://www.globalpetrolprices.com/gasoline_prices/""}, {""country"": ""Swaziland"", ""fuel_type"": ""Gasoline"", ""price_usd_per_litre"": 1.47, ""price_ngn_per_litre"": 2011.29, ""source_date"": ""27-Jul-2026"", ""source"": ""https://www.globalpetrolprices.com/gasoline_prices/""}, {""country"": ""Burkina Faso"", ""fuel_type"": ""Gasoline"", ""price_usd_per_litre"": 1.482, ""price_ngn_per_litre"": 2027.71, ""source_date"": ""27-Jul-2026"", ""source"": ""https://www.globalpetrolprices.com/gasoline_prices/""}, {""country"": ""Tanzania"", ""fuel_type"": ""Gasoline"", ""price_usd_per_litre"": 1.508, ""price_ngn_per_litre"": 2063.28, ""source_date"": ""27-Jul-2026"", ""source"": ""https://www.globalpetrolprices.com/gasoline_prices/""}, {""country"": ""Morocco"", ""fuel_type"": ""Gasoline"", ""price_usd_per_litre"": 1.52, ""price_ngn_per_litre"": 2079.7, ""source_date"": ""27-Jul-2026"", ""source"": ""https://www.globalpetrolprices.com/gasoline_prices/""}, {""country"": ""Mali"", ""fuel_type"": ""Gasoline"", ""price_usd_per_litre"": 1.526, ""price_ngn_per_litre"": 2087.91, ""source_date"": ""27-Jul-2026"", ""source"": ""https://www.globalpetrolprices.com/gasoline_prices/""}, {""country"": ""Ivory Coast"", ""fuel_type"": ""Gasoline"", ""price_usd_per_litre"": 1.526, ""price_ngn_per_litre"": 2087.91, ""source_date"": ""27-Jul-2026"", ""source"": ""https://www.globalpetrolprices.com/gasoline_prices/""}, {""country"": ""South Africa"", ""fuel_type"": ""Gasoline"", ""price_usd_per_litre"": 1.538, ""price_ngn_per_litre"": 2104.33, ""source_date"": ""27-Jul-2026"", ""source"": ""https://www.globalpetrolprices.com/gasoline_prices/""}, {""country"": ""Senegal"", ""fuel_type"": ""Gasoline"", ""price_usd_per_litre"": 1.604, ""price_ngn_per_litre"": 2194.63, ""source_date"": ""27-Jul-2026"", ""source"": ""https://www.globalpetrolprices.com/gasoline_prices/""}, {""country"": ""Kenya"", ""fuel_type"": ""Gasoline"", ""price_usd_per_litre"": 1.642, ""price_ngn_per_litre"": 2246.62, ""source_date"": ""27-Jul-2026"", ""source"": ""https://www.globalpetrolprices.com/gasoline_prices/""}, {""country"": ""Uganda"", ""fuel_type"": ""Gasoline"", ""price_usd_per_litre"": 1.656, ""price_ngn_per_litre"": 2265.78, ""source_date"": ""27-Jul-2026"", ""source"": ""https://www.globalpetrolprices.com/gasoline_prices/""}, {""country"": ""Cape Verde"", ""fuel_type"": ""Gasoline"", ""price_usd_per_litre"": 1.664, ""price_ngn_per_litre"": 2276.72, ""source_date"": ""27-Jul-2026"", ""source"": ""https://www.globalpetrolprices.com/gasoline_prices/""}, {""country"": ""Sierra Leone"", ""fuel_type"": ""Gasoline"", ""price_usd_per_litre"": 1.677, ""price_ngn_per_litre"": 2294.51, ""source_date"": ""27-Jul-2026"", ""source"": ""https://www.globalpetrolprices.com/gasoline_prices/""}, {""country"": ""Seychelles"", ""fuel_type"": ""Gasoline"", ""price_usd_per_litre"": 1.686, ""price_ngn_per_litre"": 2306.82, ""source_date"": ""27-Jul-2026"", ""source"": ""https://www.globalpetrolprices.com/gasoline_prices/""}, {""country"": ""Zimbabwe"", ""fuel_type"": ""Gasoline"", ""price_usd_per_litre"": 1.93, ""price_ngn_per_litre"": 2640.67, ""source_date"": ""27-Jul-2026"", ""source"": ""https://www.globalpetrolprices.com/gasoline_prices/""}, {""country"": ""Rwanda"", ""fuel_type"": ""Gasoline"", ""price_usd_per_litre"": 2.005, ""price_ngn_per_litre"": 2743.29, ""source_date"": ""27-Jul-2026"", ""source"": ""https://www.globalpetrolprices.com/gasoline_prices/""}, {""country"": ""Malawi"", ""fuel_type"": ""Gasoline"", ""price_usd_per_litre"": 3.237, ""price_ngn_per_litre"": 4428.94, ""source_date"": ""27-Jul-2026"", ""source"": ""https://www.globalpetrolprices.com/gasoline_prices/""}]",2026-08-03T10:15:50Z
03-Aug-2026,"{""usd_ngn"": 1362.5542, ""date"": ""August-04-2026"", ""source"": ""https://www.cbn.gov.ng/api/GetAllNFEM_RatesGRAPH""}","[{""country"": ""Libya"", ""fuel_type"": ""Gasoline"", ""price_usd_per_litre"": 0.024, ""price_ngn_per_litre"": 32.7, ""source_date"": ""03-Aug-2026"", ""source"": ""https://www.globalpetrolprices.com/gasoline_prices/""}, {""country"": ""Angola"", ""fuel_type"": ""Gasoline"", ""price_usd_per_litre"": 0.327, ""price_ngn_per_litre"": 445.56, ""source_date"": ""03-Aug-2026"", ""source"": ""https://www.globalpetrolprices.com/gasoline_prices/""}, {""country"": ""Algeria"", ""fuel_type"": ""Gasoline"", ""price_usd_per_litre"": 0.354, ""price_ngn_per_litre"": 482.34, ""source_date"": ""03-Aug-2026"", ""source"": ""https://www.globalpetrolprices.com/gasoline_prices/""}, {""country"": ""Egypt"", ""fuel_type"": ""Gasoline"", ""price_usd_per_litre"": 0.478, ""price_ngn_per_litre"": 651.3, ""source_date"": ""03-Aug-2026"", ""source"": ""https://www.globalpetrolprices.com/gasoline_prices/""}, {""country"": ""Sudan"", ""fuel_type"": ""Gasoline"", ""price_usd_per_litre"": 0.7, ""price_ngn_per_litre"": 953.79, ""source_date"": ""03-Aug-2026"", ""source"": ""https://www.globalpetrolprices.com/gasoline_prices/""}, {""country"": ""Tunisia"", ""fuel_type"": ""Gasoline"", ""price_usd_per_litre"": 0.859, ""price_ngn_per_litre"": 1170.43, ""source_date"": ""03-Aug-2026"", ""source"": ""https://www.globalpetrolprices.com/gasoline_prices/""}, {""country"": ""Niger"", ""fuel_type"": ""Gasoline"", ""price_usd_per_litre"": 0.879, ""price_ngn_per_litre"": 1197.69, ""source_date"": ""03-Aug-2026"", ""source"": ""https://www.globalpetrolprices.com/gasoline_prices/""}, {""country"": ""Nigeria"", ""fuel_type"": ""Gasoline"", ""price_usd_per_litre"": 0.931, ""price_ngn_per_litre"": 1268.54, ""source_date"": ""03-Aug-2026"", ""source"": ""https://www.globalpetrolprices.com/gasoline_prices/""}, {""country"": ""Gabon"", ""fuel_type"": ""Gasoline"", ""price_usd_per_litre"": 1.046, ""price_ngn_per_litre"": 1425.23, ""source_date"": ""03-Aug-2026"", ""source"": ""https://www.globalpetrolprices.com/gasoline_prices/""}, {""country"": ""Ethiopia"", ""fuel_type"": ""Gasoline"", ""price_usd_per_litre"": 1.048, ""price_ngn_per_litre"": 1427.96, ""source_date"": ""03-Aug-2026"", ""source"": ""https://www.globalpetrolprices.com/gasoline_prices/""}, {""country"": ""Liberia"", ""fuel_type"": ""Gasoline"", ""price_usd_per_litre"": 1.098, ""price_ngn_per_litre"": 1496.08, ""source_date"": ""03-Aug-2026"", ""source"": ""https://www.globalpetrolprices.com/gasoline_prices/""}, {""country"": ""DR Congo"", ""fuel_type"": ""Gasoline"", ""price_usd_per_litre"": 1.173, ""price_ngn_per_litre"": 1598.28, ""source_date"": ""03-Aug-2026"", ""source"": ""https://www.globalpetrolprices.com/gasoline_prices/""}, {""country"": ""Madagascar"", ""fuel_type"": ""Gasoline"", ""price_usd_per_litre"": 1.187, ""price_ngn_per_litre"": 1617.35, ""source_date"": ""03-Aug-2026"", ""source"": ""https://www.globalpetrolprices.com/gasoline_prices/""}, {""country"": ""Togo"", ""fuel_type"": ""Gasoline"", ""price_usd_per_litre"": 1.278, ""price_ngn_per_litre"": 1741.34, ""source_date"": ""03-Aug-2026"", ""source"": ""https://www.globalpetrolprices.com/gasoline_prices/""}, {""country"": ""Benin"", ""fuel_type"": ""Gasoline"", ""price_usd_per_litre"": 1.278, ""price_ngn_per_litre"": 1741.34, ""source_date"": ""03-Aug-2026"", ""source"": ""https://www.globalpetrolprices.com/gasoline_prices/""}, {""country"": ""Burundi"", ""fuel_type"": ""Gasoline"", ""price_usd_per_litre"": 1.336, ""price_ngn_per_litre"": 1820.37, ""source_date"": ""03-Aug-2026"", ""source"": ""https://www.globalpetrolprices.com/gasoline_prices/""}, {""country"": ""Zambia"", ""fuel_type"": ""Gasoline"", ""price_usd_per_litre"": 1.337, ""price_ngn_per_litre"": 1821.73, ""source_date"": ""03-Aug-2026"", ""source"": ""https://www.globalpetrolprices.com/gasoline_prices/""}, {""country"": ""Botswana"", ""fuel_type"": ""Gasoline"", ""price_usd_per_litre"": 1.34, ""price_ngn_per_litre"": 1825.82, ""source_date"": ""03-Aug-2026"", ""source"": ""https://www.globalpetrolprices.com/gasoline_prices/""}, {""country"": ""Guinea"", ""fuel_type"": ""Gasoline"", ""price_usd_per_litre"": 1.366, ""price_ngn_per_litre"": 1861.25, ""source_date"": ""03-Aug-2026"", ""source"": ""https://www.globalpetrolprices.com/gasoline_prices/""}, {""country"": ""Mauritius"", ""fuel_type"": ""Gasoline"", ""price_usd_per_litre"": 1.382, ""price_ngn_per_litre"": 1883.05, ""source_date"": ""03-Aug-2026"", ""source"": ""https://www.globalpetrolprices.com/gasoline_prices/""}, {""country"": ""Lesotho"", ""fuel_type"": ""Gasoline"", ""price_usd_per_litre"": 1.455, ""price_ngn_per_litre"": 1982.52, ""source_date"": ""03-Aug-2026"", ""source"": ""https://www.globalpetrolprices.com/gasoline_prices/""}, {""country"": ""Mozambique"", ""fuel_type"": ""Gasoline"", ""price_usd_per_litre"": 1.466, ""price_ngn_per_litre"": 1997.5, ""source_date"": ""03-Aug-2026"", ""source"": ""https://www.globalpetrolprices.com/gasoline_prices/""}, {""country"": ""Cameroon"", ""fuel_type"": ""Gasoline"", ""price_usd_per_litre"": 1.476, ""price_ngn_per_litre"": 2011.13, ""source_date"": ""03-Aug-2026"", ""source"": ""https://www.globalpetrolprices.com/gasoline_prices/""}, {""country"": ""Namibia"", ""fuel_type"": ""Gasoline"", ""price_usd_per_litre"": 1.481, ""price_ngn_per_litre"": 2017.94, ""source_date"": ""03-Aug-2026"", ""source"": ""https://www.globalpetrolprices.com/gasoline_prices/""}, {""country"": ""Swaziland"", ""fuel_type"": ""Gasoline"", ""price_usd_per_litre"": 1.492, ""price_ngn_per_litre"": 2032.93, ""source_date"": ""03-Aug-2026"", ""source"": ""https://www.globalpetrolprices.com/gasoline_prices/""}, {""country"": ""Burkina Faso"", ""fuel_type"": ""Gasoline"", ""price_usd_per_litre"": 1.498, ""price_ngn_per_litre"": 2041.11, ""source_date"": ""03-Aug-2026"", ""source"": ""https://www.globalpetrolprices.com/gasoline_prices/""}, {""country"": ""Tanzania"", ""fuel_type"": ""Gasoline"", ""price_usd_per_litre"": 1.503, ""price_ngn_per_litre"": 2047.92, ""source_date"": ""03-Aug-2026"", ""source"": ""https://www.globalpetrolprices.com/gasoline_prices/""}, {""country"": ""Ghana"", ""fuel_type"": ""Gasoline"", ""price_usd_per_litre"": 1.517, ""price_ngn_per_litre"": 2066.99, ""source_date"": ""03-Aug-2026"", ""source"": ""https://www.globalpetrolprices.com/gasoline_prices/""}, {""country"": ""South Africa"", ""fuel_type"": ""Gasoline"", ""price_usd_per_litre"": 1.535, ""price_ngn_per_litre"": 2091.52, ""source_date"": ""03-Aug-2026"", ""source"": ""https://www.globalpetrolprices.com/gasoline_prices/""}, {""country"": ""Mali"", ""fuel_type"": ""Gasoline"", ""price_usd_per_litre"": 1.542, ""price_ngn_per_litre"": 2101.06, ""source_date"": ""03-Aug-2026"", ""source"": ""https://www.globalpetrolprices.com/gasoline_prices/""}, {""country"": ""Ivory Coast"", ""fuel_type"": ""Gasoline"", ""price_usd_per_litre"": 1.595, ""price_ngn_per_litre"": 2173.27, ""source_date"": ""03-Aug-2026"", ""source"": ""https://www.globalpetrolprices.com/gasoline_prices/""}, {""country"": ""Senegal"", ""fuel_type"": ""Gasoline"", ""price_usd_per_litre"": 1.621, ""price_ngn_per_litre"": 2208.7, ""source_date"": ""03-Aug-2026"", ""source"": ""https://www.globalpetrolprices.com/gasoline_prices/""}, {""country"": ""Morocco"", ""fuel_type"": ""Gasoline"", ""price_usd_per_litre"": 1.635, ""price_ngn_per_litre"": 2227.78, ""source_date"": ""03-Aug-2026"", ""source"": ""https://www.globalpetrolprices.com/gasoline_prices/""}, {""country"": ""Kenya"", ""fuel_type"": ""Gasoline"", ""price_usd_per_litre"": 1.643, ""price_ngn_per_litre"": 2238.68, ""source_date"": ""03-Aug-2026"", ""source"": ""https://www.globalpetrolprices.com/gasoline_prices/""}, {""country"": ""Uganda"", ""fuel_type"": ""Gasoline"", ""price_usd_per_litre"": 1.747, ""price_ngn_per_litre"": 2380.38, ""source_date"": ""03-Aug-2026"", ""source"": ""https://www.globalpetrolprices.com/gasoline_prices/""}, {""country"": ""Cape Verde"", ""fuel_type"": ""Gasoline"", ""price_usd_per_litre"": 1.748, ""price_ngn_per_litre"": 2381.74, ""source_date"": ""03-Aug-2026"", ""source"": ""https://www.globalpetrolprices.com/gasoline_prices/""}, {""country"": ""Seychelles"", ""fuel_type"": ""Gasoline"", ""price_usd_per_litre"": 1.778, ""price_ngn_per_litre"": 2422.62, ""source_date"": ""03-Aug-2026"", ""source"": ""https://www.globalpetrolprices.com/gasoline_prices/""}, {""country"": ""Sierra Leone"", ""fuel_type"": ""Gasoline"", ""price_usd_per_litre"": 1.779, ""price_ngn_per_litre"": 2423.98, ""source_date"": ""03-Aug-2026"", ""source"": ""https://www.globalpetrolprices.com/gasoline_prices/""}, {""country"": ""Zimbabwe"", ""fuel_type"": ""Gasoline"", ""price_usd_per_litre"": 1.93, ""price_ngn_per_litre"": 2629.73, ""source_date"": ""03-Aug-2026"", ""source"": ""https://www.globalpetrolprices.com/gasoline_prices/""}, {""country"": ""Rwanda"", ""fuel_type"": ""Gasoline"", ""price_usd_per_litre"": 2.001, ""price_ngn_per_litre"": 2726.47, ""source_date"": ""03-Aug-2026"", ""source"": ""https://www.globalpetrolprices.com/gasoline_prices/""}, {""country"": ""Malawi"", ""fuel_type"": ""Gasoline"", ""price_usd_per_litre"": 3.235, ""price_ngn_per_litre"": 4407.86, ""source_date"": ""03-Aug-2026"", ""source"": ""https://www.globalpetrolprices.com/gasoline_prices/""}]",2026-08-05T09:29:58Z
10-Aug-2026,"{""usd_ngn"": 1349.5372, ""date"": ""August-17-2026"", ""source"": ""https://www.cbn.gov.ng/api/GetAllNFEM_RatesGRAPH""}","[{""country"": ""Libya"", ""fuel_type"": ""Gasoline"", ""price_usd_per_litre"": 0.024, ""price_ngn_per_litre"": 32.39, ""source_date"": ""10-Aug-2026"", ""source"": ""https://www.globalpetrolprices.com/gasoline_prices/""}, {""country"": ""Angola"", ""fuel_type"": ""Gasoline"", ""price_usd_per_litre"": 0.327, ""price_ngn_per_litre"": 441.3, ""source_date"": ""10-Aug-2026"", ""source"": ""https://www.globalpetrolprices.com/gasoline_prices/""}, {""country"": ""Algeria"", ""fuel_type"": ""Gasoline"", ""price_usd_per_litre"": 0.354, ""price_ngn_per_litre"": 477.74, ""source_date"": ""10-Aug-2026"", ""source"": ""https://www.globalpetrolprices.com/gasoline_prices/""}, {""country"": ""Egypt"", ""fuel_type"": ""Gasoline"", ""price_usd_per_litre"": 0.478, ""price_ngn_per_litre"": 645.08, ""source_date"": ""10-Aug-2026"", ""source"": ""https://www.globalpetrolprices.com/gasoline_prices/""}, {""country"": ""Sudan"", ""fuel_type"": ""Gasoline"", ""price_usd_per_litre"": 0.7, ""price_ngn_per_litre"": 944.68, ""source_date"": ""10-Aug-2026"", ""source"": ""https://www.globalpetrolprices.com/gasoline_prices/""}, {""country"": ""Tunisia"", ""fuel_type"": ""Gasoline"", ""price_usd_per_litre"": 0.862, ""price_ngn_per_litre"": 1163.3, ""source_date"": ""10-Aug-2026"", ""source"": ""https://www.globalpetrolprices.com/gasoline_prices/""}, {""country"": ""Niger"", ""fuel_type"": ""Gasoline"", ""price_usd_per_litre"": 0.878, ""price_ngn_per_litre"": 1184.89, ""source_date"": ""10-Aug-2026"", ""source"": ""https://www.globalpetrolprices.com/gasoline_prices/""}, {""country"": ""Nigeria"", ""fuel_type"": ""Gasoline"", ""price_usd_per_litre"": 0.882, ""price_ngn_per_litre"": 1190.29, ""source_date"": ""10-Aug-2026"", ""source"": ""https://www.globalpetrolprices.com/gasoline_prices/""}, {""country"": ""Ethiopia"", ""fuel_type"": ""Gasoline"", ""price_usd_per_litre"": 1.047, ""price_ngn_per_litre"": 1412.97, ""source_date"": ""10-Aug-2026"", ""source"": ""https://www.globalpetrolprices.com/gasoline_prices/""}, {""country"": ""Gabon"", ""fuel_type"": ""Gasoline"", ""price_usd_per_litre"": 1.048, ""price_ngn_per_litre"": 1414.31, ""source_date"": ""10-Aug-2026"", ""source"": ""https://www.globalpetrolprices.com/gasoline_prices/""}, {""country"": ""Liberia"", ""fuel_type"": ""Gasoline"", ""price_usd_per_litre"": 1.102, ""price_ngn_per_litre"": 1487.19, ""source_date"": ""10-Aug-2026"", ""source"": ""https://www.globalpetrolprices.com/gasoline_prices/""}, {""country"": ""DR Congo"", ""fuel_type"": ""Gasoline"", ""price_usd_per_litre"": 1.165, ""price_ngn_per_litre"": 1572.21, ""source_date"": ""10-Aug-2026"", ""source"": ""https://www.globalpetrolprices.com/gasoline_prices/""}, {""country"": ""Madagascar"", ""fuel_type"": ""Gasoline"", ""price_usd_per_litre"": 1.185, ""price_ngn_per_litre"": 1599.2, ""source_date"": ""10-Aug-2026"", ""source"": ""https://www.globalpetrolprices.com/gasoline_prices/""}, {""country"": ""Benin"", ""fuel_type"": ""Gasoline"", ""price_usd_per_litre"": 1.275, ""price_ngn_per_litre"": 1720.66, ""source_date"": ""10-Aug-2026"", ""source"": ""https://www.globalpetrolprices.com/gasoline_prices/""}, {""country"": ""Togo"", ""fuel_type"": ""Gasoline"", ""price_usd_per_litre"": 1.275, ""price_ngn_per_litre"": 1720.66, ""source_date"": ""10-Aug-2026"", ""source"": ""https://www.globalpetrolprices.com/gasoline_prices/""}, {""country"": ""Burundi"", ""fuel_type"": ""Gasoline"", ""price_usd_per_litre"": 1.337, ""price_ngn_per_litre"": 1804.33, ""source_date"": ""10-Aug-2026"", ""source"": ""https://www.globalpetrolprices.com/gasoline_prices/""}, {""country"": ""Zambia"", ""fuel_type"": ""Gasoline"", ""price_usd_per_litre"": 1.349, ""price_ngn_per_litre"": 1820.53, ""source_date"": ""10-Aug-2026"", ""source"": ""https://www.globalpetrolprices.com/gasoline_prices/""}, {""country"": ""Botswana"", ""fuel_type"": ""Gasoline"", ""price_usd_per_litre"": 1.35, ""price_ngn_per_litre"": 1821.88, ""source_date"": ""10-Aug-2026"", ""source"": ""https://www.globalpetrolprices.com/gasoline_prices/""}, {""country"": ""Mauritius"", ""fuel_type"": ""Gasoline"", ""price_usd_per_litre"": 1.367, ""price_ngn_per_litre"": 1844.82, ""source_date"": ""10-Aug-2026"", ""source"": ""https://www.globalpetrolprices.com/gasoline_prices/""}, {""country"": ""Guinea"", ""fuel_type"": ""Gasoline"", ""price_usd_per_litre"": 1.368, ""price_ngn_per_litre"": 1846.17, ""source_date"": ""10-Aug-2026"", ""source"": ""https://www.globalpetrolprices.com/gasoline_prices/""}, {""country"": ""Mozambique"", ""fuel_type"": ""Gasoline"", ""price_usd_per_litre"": 1.466, ""price_ngn_per_litre"": 1978.42, ""source_date"": ""10-Aug-2026"", ""source"": ""https://www.globalpetrolprices.com/gasoline_prices/""}, {""country"": ""Tanzania"", ""fuel_type"": ""Gasoline"", ""price_usd_per_litre"": 1.468, ""price_ngn_per_litre"": 1981.12, ""source_date"": ""10-Aug-2026"", ""source"": ""https://www.globalpetrolprices.com/gasoline_prices/""}, {""country"": ""Cameroon"", ""fuel_type"": ""Gasoline"", ""price_usd_per_litre"": 1.479, ""price_ngn_per_litre"": 1995.97, ""source_date"": ""10-Aug-2026"", ""source"": ""https://www.globalpetrolprices.com/gasoline_prices/""}, {""country"": ""Lesotho"", ""fuel_type"": ""Gasoline"", ""price_usd_per_litre"": 1.484, ""price_ngn_per_litre"": 2002.71, ""source_date"": ""10-Aug-2026"", ""source"": ""https://www.globalpetrolprices.com/gasoline_prices/""}, {""country"": ""Burkina Faso"", ""fuel_type"": ""Gasoline"", ""price_usd_per_litre"": 1.495, ""price_ngn_per_litre"": 2017.56, ""source_date"": ""10-Aug-2026"", ""source"": ""https://www.globalpetrolprices.com/gasoline_prices/""}, {""country"": ""Namibia"", ""fuel_type"": ""Gasoline"", ""price_usd_per_litre"": 1.513, ""price_ngn_per_litre"": 2041.85, ""source_date"": ""10-Aug-2026"", ""source"": ""https://www.globalpetrolprices.com/gasoline_prices/""}, {""country"": ""Swaziland"", ""fuel_type"": ""Gasoline"", ""price_usd_per_litre"": 1.522, ""price_ngn_per_litre"": 2054.0, ""source_date"": ""10-Aug-2026"", ""source"": ""https://www.globalpetrolprices.com/gasoline_prices/""}, {""country"": ""Ghana"", ""fuel_type"": ""Gasoline"", ""price_usd_per_litre"": 1.532, ""price_ngn_per_litre"": 2067.49, ""source_date"": ""10-Aug-2026"", ""source"": ""https://www.globalpetrolprices.com/gasoline_prices/""}, {""country"": ""Mali"", ""fuel_type"": ""Gasoline"", ""price_usd_per_litre"": 1.539, ""price_ngn_per_litre"": 2076.94, ""source_date"": ""10-Aug-2026"", ""source"": ""https://www.globalpetrolprices.com/gasoline_prices/""}, {""country"": ""South Africa"", ""fuel_type"": ""Gasoline"", ""price_usd_per_litre"": 1.552, ""price_ngn_per_litre"": 2094.48, ""source_date"": ""10-Aug-2026"", ""source"": ""https://www.globalpetrolprices.com/gasoline_prices/""}, {""country"": ""Ivory Coast"", ""fuel_type"": ""Gasoline"", ""price_usd_per_litre"": 1.592, ""price_ngn_per_litre"": 2148.46, ""source_date"": ""10-Aug-2026"", ""source"": ""https://www.globalpetrolprices.com/gasoline_prices/""}, {""country"": ""Senegal"", ""fuel_type"": ""Gasoline"", ""price_usd_per_litre"": 1.618, ""price_ngn_per_litre"": 2183.55, ""source_date"": ""10-Aug-2026"", ""source"": ""https://www.globalpetrolprices.com/gasoline_prices/""}, {""country"": ""Morocco"", ""fuel_type"": ""Gasoline"", ""price_usd_per_litre"": 1.636, ""price_ngn_per_litre"": 2207.84, ""source_date"": ""10-Aug-2026"", ""source"": ""https://www.globalpetrolprices.com/gasoline_prices/""}, {""country"": ""Kenya"", ""fuel_type"": ""Gasoline"", ""price_usd_per_litre"": 1.644, ""price_ngn_per_litre"": 2218.64, ""source_date"": ""10-Aug-2026"", ""source"": ""https://www.globalpetrolprices.com/gasoline_prices/""}, {""country"": ""Cape Verde"", ""fuel_type"": ""Gasoline"", ""price_usd_per_litre"": 1.754, ""price_ngn_per_litre"": 2367.09, ""source_date"": ""10-Aug-2026"", ""source"": ""https://www.globalpetrolprices.com/gasoline_prices/""}, {""country"": ""Uganda"", ""fuel_type"": ""Gasoline"", ""price_usd_per_litre"": 1.758, ""price_ngn_per_litre"": 2372.49, ""source_date"": ""10-Aug-2026"", ""source"": ""https://www.globalpetrolprices.com/gasoline_prices/""}, {""country"": ""Sierra Leone"", ""fuel_type"": ""Gasoline"", ""price_usd_per_litre"": 1.779, ""price_ngn_per_litre"": 2400.83, ""source_date"": ""10-Aug-2026"", ""source"": ""https://www.globalpetrolprices.com/gasoline_prices/""}, {""country"": ""Seychelles"", ""fuel_type"": ""Gasoline"", ""price_usd_per_litre"": 1.809, ""price_ngn_per_litre"": 2441.31, ""source_date"": ""10-Aug-2026"", ""source"": ""https://www.globalpetrolprices.com/gasoline_prices/""}, {""country"": ""Zimbabwe"", ""fuel_type"": ""Gasoline"", ""price_usd_per_litre"": 1.93, ""price_ngn_per_litre"": 2604.61, ""source_date"": ""10-Aug-2026"", ""source"": ""https://www.globalpetrolprices.com/gasoline_prices/""}, {""country"": ""Rwanda"", ""fuel_type"": ""Gasoline"", ""price_usd_per_litre"": 2.0, ""price_ngn_per_litre"": 2699.07, ""source_date"": ""10-Aug-2026"", ""source"": ""https://www.globalpetrolprices.com/gasoline_prices/""}, {""country"": ""Malawi"", ""fuel_type"": ""Gasoline"", ""price_usd_per_litre"": 3.237, ""price_ngn_per_litre"": 4368.45, ""source_date"": ""10-Aug-2026"", ""source"": ""https://www.globalpetrolprices.com/gasoline_prices/""}]",2026-08-18T08:41:09Z
